  -0.369    0.844   -0.389    0.739    0.013   -0.673   -0.563   -0.535   -0.629   25.290   13.182   53.801      1
  -0.820    0.284   -0.496    0.419   -0.292   -0.860   -0.389   -0.913    0.120   22.890   15.582   58.601      2
  -0.429    0.750   -0.503    0.851    0.149   -0.503   -0.303   -0.644   -0.702   25.290   11.982   55.001      3
  -0.422    0.554   -0.718    0.898    0.147   -0.415   -0.124   -0.820   -0.559   25.290   14.382   55.001      4
   0.750   -0.607    0.262    0.550    0.793    0.262   -0.367   -0.053    0.929   21.690   15.582   59.801      5
   0.559   -0.400    0.726    0.391    0.899    0.195   -0.731    0.175    0.660   24.090   15.582   59.801      6
   0.642   -0.623    0.447    0.442    0.777    0.447   -0.626   -0.090    0.774   21.690   15.582   58.601      7
  -0.481    0.609   -0.630    0.775   -0.040   -0.630   -0.409   -0.792   -0.453   24.090   14.382   53.801      8
   0.367   -0.313    0.876    0.243    0.941    0.235   -0.898    0.126    0.421   24.090   14.382   59.801      9
   0.885   -0.366   -0.286   -0.444   -0.849   -0.286   -0.138    0.381   -0.914   21.690   16.782   59.801     10
   0.657   -0.543    0.522    0.562    0.815    0.140   -0.502    0.202    0.841   21.690   15.582   56.201     11
   0.614   -0.789    0.000   -0.673   -0.524   -0.522    0.412    0.320   -0.853   24.090   14.382   57.401     12
   0.519   -0.386    0.762    0.597    0.802   -0.000   -0.612    0.455    0.647   22.890   15.582   59.801     13
   0.292   -0.546    0.785    0.329    0.828    0.453   -0.898    0.126    0.421   24.090   16.782   61.001     14
  -0.928    0.352    0.123   -0.261   -0.849    0.460    0.267    0.395    0.879   40.890    5.982   52.601     15
   0.544   -0.422    0.725    0.138    0.898    0.419   -0.828   -0.128    0.546   25.290   14.382   55.001     16
  -0.868    0.496    0.000   -0.495   -0.865   -0.081   -0.040   -0.070    0.997   21.690   14.382   61.001     17
  -0.780    0.556    0.287   -0.484   -0.827    0.287    0.397    0.085    0.914   22.890   15.582   59.801     18
  -0.547    0.812   -0.201    0.619    0.231   -0.751   -0.563   -0.535   -0.629   26.490   15.582   53.801     19
   0.691   -0.460    0.557    0.629    0.763   -0.149   -0.357    0.454    0.817   21.690   15.582   57.401     20
   0.250   -0.413    0.875    0.528    0.816    0.235   -0.812    0.403    0.423   22.890   16.782   59.801     21
   0.688   -0.611    0.391    0.234    0.697    0.678   -0.687   -0.375    0.622   22.890   15.582   53.801     22
  -0.487    0.739   -0.465    0.580   -0.124   -0.805   -0.653   -0.662   -0.368   22.890   15.582   52.601     23
   0.725   -0.410    0.554    0.048    0.831    0.554   -0.687   -0.375    0.622   24.090   13.182   55.001     24
   0.208   -0.978    0.000   -0.892   -0.190    0.410   -0.401   -0.085   -0.912   20.490   15.582   59.801     25
   0.490   -0.640    0.592    0.274    0.758    0.592   -0.828   -0.128    0.546   24.090   14.382   55.001     26
  -0.831    0.557    0.000   -0.545   -0.814    0.202    0.113    0.168    0.979   21.690   15.582   61.001     27
   0.299    0.113    0.948   -0.490   -0.834    0.254    0.819   -0.540   -0.194   22.890   16.782   58.601     28
  -0.419    0.898    0.135    0.809    0.302    0.504    0.412    0.320   -0.853   28.890   14.382   51.401     29
  -0.696    0.652   -0.299    0.580    0.757    0.299    0.422    0.035   -0.906   21.690   17.982   59.801     30
   0.735   -0.400    0.548    0.261    0.912    0.316   -0.626   -0.090    0.774   24.090   15.582   56.201     31
  -0.327    0.869   -0.372    0.936    0.353   -0.000    0.131   -0.348   -0.928   25.290   14.382   55.001     32
  -0.212   -0.977    0.000   -0.559    0.121    0.820   -0.801    0.174   -0.572   21.690   15.582   58.601     33
  -0.549    0.701    0.456   -0.532   -0.713    0.456    0.645    0.007    0.764   21.690   17.982   61.001     34
   0.656   -0.165    0.736    0.442    0.875   -0.197   -0.612    0.455    0.647   24.090   15.582   58.601     35
   0.734    0.495    0.465    0.119    0.581   -0.805   -0.668    0.647    0.367   31.290   16.782   59.801     36
  -0.909    0.352   -0.222   -0.413   -0.826    0.384   -0.048    0.440    0.897   40.890    5.982   52.601     37
  -0.370    0.909    0.194    0.680    0.123    0.723    0.633    0.399   -0.663   32.490   10.782   52.601     38
  -0.976    0.070   -0.207    0.120   -0.622   -0.774   -0.183   -0.780    0.598   22.890   15.582   59.801     39
  -0.585    0.663   -0.466    0.699    0.704    0.125    0.411   -0.253   -0.876   21.690   17.982   58.601     40
  -0.266    0.501   -0.823    0.883    0.469   -0.000    0.386   -0.727   -0.568   24.090   14.382   58.601     41
  -0.795    0.531    0.293   -0.556   -0.831   -0.000    0.243   -0.163    0.956   21.690   16.782   61.001     42
   0.740   -0.573   -0.351   -0.658   -0.726   -0.203   -0.138    0.381   -0.914   21.690   16.782   61.001     43
   0.378   -0.188    0.906    0.445    0.896   -0.000   -0.812    0.403    0.423   22.890   15.582   58.601     44
   0.134   -0.988    0.078   -0.980   -0.143   -0.135    0.145   -0.058   -0.988   40.890    5.982   51.401     45
  -0.771    0.554   -0.313   -0.635   -0.706    0.313   -0.048    0.440    0.897   19.290   17.982   61.001     46
   0.152    0.217   -0.964   -0.723   -0.640   -0.258   -0.673    0.737    0.060   21.690   17.982   57.401     47
  -0.930    0.306    0.204   -0.361   -0.863   -0.353    0.068   -0.402    0.913   19.290   15.582   58.601     48
   0.606   -0.784    0.135   -0.782   -0.618   -0.078    0.145   -0.058   -0.988   21.690   15.582   57.401     49
  -0.635    0.686   -0.356    0.711    0.338   -0.616   -0.303   -0.644   -0.702   24.090   14.382   53.801     50
  -0.751    0.576   -0.322    0.647    0.740   -0.186    0.131   -0.348   -0.928   22.890   15.582   58.601     51
   0.604   -0.771    0.203    0.404    0.515    0.756   -0.687   -0.375    0.622   21.690   16.782   56.201     52
   0.690   -0.143    0.710    0.569    0.713   -0.410   -0.447    0.687    0.573   24.090   14.382   57.401     53
  -0.400    0.679   -0.616    0.862    0.507   -0.000    0.312   -0.531   -0.788   25.290   16.782   57.401     54
   0.696   -0.652    0.299   -0.580   -0.757   -0.299    0.422    0.035   -0.906   21.690   16.782   58.601     55
   0.694   -0.717   -0.071   -0.706   -0.657   -0.265    0.143    0.234   -0.962   21.690   15.582   57.401     56
  -0.002   -0.976    0.216   -0.564    0.180    0.806   -0.826   -0.120   -0.551   24.090   14.382   59.801     57
  -0.985    0.127   -0.115   -0.164   -0.889    0.428   -0.048    0.440    0.897   39.690    7.182   51.401     58
  -0.195    0.945    0.261    0.890    0.059    0.452    0.412    0.320   -0.853   27.690   14.382   50.201     59
  -0.085    0.922   -0.377    0.924   -0.069   -0.377   -0.374   -0.380   -0.846   27.690   13.182   52.601     60
  -0.321    0.909   -0.267    0.870    0.172   -0.462   -0.374   -0.380   -0.846   26.490   14.382   52.601     61
  -0.541    0.767    0.345    0.757    0.264    0.598    0.367    0.585   -0.723   30.090   14.382   52.601     62
   0.439   -0.619    0.651    0.523    0.765    0.376   -0.731    0.175    0.660   21.690   15.582   59.801     63
  -0.329    0.610   -0.721    0.750    0.632    0.193    0.574   -0.477   -0.666   25.290   15.582   61.001     64
   0.685   -0.670    0.286    0.699    0.715   -0.000   -0.205    0.200    0.958   21.690   16.782   61.001     65
  -0.578    0.539   -0.612    0.810    0.468   -0.353    0.096   -0.700   -0.707   22.890   16.782   57.401     66
  -0.661    0.748   -0.052   -0.742   -0.642    0.195    0.113    0.168    0.979   19.290   17.982   61.001     67
   0.148   -0.957    0.249   -0.314    0.193    0.929   -0.938   -0.216   -0.272   22.890   15.582   59.801     68
  -0.615    0.575    0.539   -0.605   -0.783    0.144    0.505   -0.237    0.830   19.290   16.782   59.801     69
  -0.916    0.370   -0.156    0.374    0.927   -0.000    0.145   -0.058   -0.988   21.690   17.982   59.801     70
  -0.326    0.383   -0.865    0.934    0.272   -0.232    0.146   -0.883   -0.446   24.090   15.582   56.201     71
  -0.174   -0.954    0.245   -0.291    0.287    0.913   -0.941    0.087   -0.328   22.890   15.582   58.601     72
  -0.684    0.199   -0.702    0.617   -0.355   -0.702   -0.389   -0.913    0.120   22.890   14.382   58.601     73
   0.313   -0.943    0.110   -0.851   -0.330   -0.409    0.422    0.035   -0.906   37.290    8.382   51.401     74
   0.162   -0.107    0.981   -0.551   -0.835   -0.000    0.819   -0.540   -0.194   24.090   16.782   58.601     75
  -0.237    0.954   -0.182    0.962    0.204   -0.182   -0.137   -0.218   -0.966   27.690   15.582   51.401     76
  -0.385    0.823   -0.418    0.826    0.509    0.241    0.411   -0.253   -0.876   24.090   15.582   57.401     77
   0.780   -0.425   -0.460   -0.479   -0.878   -0.000   -0.403    0.220   -0.888   21.690   16.782   57.401     78
   0.540    0.083    0.837   -0.152    0.988   -0.000   -0.828   -0.128    0.546   36.090   10.782   53.801     79
  -0.685    0.670   -0.286   -0.699   -0.715   -0.000   -0.205    0.200    0.958   19.290   16.782   62.201     80
  -0.964   -0.261   -0.057    0.264   -0.963   -0.057   -0.040   -0.070    0.997   37.290   10.782   53.801     81
  -0.372    0.809   -0.455    0.924    0.277   -0.263   -0.086   -0.518   -0.851   25.290   14.382   55.001     82
   0.457   -0.878   -0.140   -0.879   -0.470    0.081   -0.137    0.086   -0.987   21.690   15.582   58.601     83
   0.127    0.857   -0.500    0.055    0.497    0.866    0.990   -0.138    0.016   19.290   16.782   59.801     84
   0.062   -0.874    0.481   -0.342    0.434    0.833   -0.938   -0.216   -0.272   24.090   14.382   59.801     85
  -0.040    0.044   -0.998   -0.738   -0.675   -0.000   -0.673    0.737    0.060   19.290   17.982   57.401     86
   0.416    0.325    0.850   -0.396   -0.776    0.490    0.819   -0.540   -0.194   22.890   19.182   59.801     87
  -0.602    0.353    0.716    0.506    0.863   -0.000   -0.617    0.362   -0.698   20.490   16.782   59.801     88
   0.211    0.669   -0.713    0.898    0.155    0.412    0.386   -0.727   -0.568   36.090    8.382   52.601     89
  -0.465    0.107   -0.879    0.618    0.750   -0.235    0.634   -0.652   -0.415   19.290   17.982   58.601     90
  -0.599    0.710   -0.371    0.796    0.477   -0.371   -0.086   -0.518   -0.851   26.490   11.982   55.001     91
  -0.179    0.810    0.558   -0.641   -0.527    0.558    0.746   -0.258    0.613   20.490   19.182   61.001     92
  -0.615    0.611   -0.498    0.423   -0.278   -0.863   -0.666   -0.741   -0.088   22.890   15.582   51.401     93
   0.523   -0.826    0.212   -0.741   -0.563   -0.367    0.422    0.035   -0.906   26.490   13.182   56.201     94
  -0.865    0.215   -0.453    0.273   -0.555   -0.785   -0.421   -0.803    0.421   25.290   13.182   57.401     95
  -0.886    0.265   -0.381    0.060   -0.749   -0.660   -0.460   -0.607    0.648   24.090   11.982   56.201     96
  -0.665    0.599   -0.446    0.624    0.119   -0.772   -0.409   -0.792   -0.453   24.090   15.582   53.801     97
  -0.846    0.446   -0.290   -0.262   -0.824   -0.503   -0.464   -0.350    0.814   20.490   15.582   55.001     98
  -0.165    0.819   -0.550    0.810   -0.206   -0.550   -0.563   -0.535   -0.629   26.490   14.382   51.401     99
  -0.332   -0.913   -0.237   -0.461   -0.062    0.885   -0.823    0.403   -0.400   19.290   16.782   57.401    100
  -0.901    0.350   -0.257    0.193   -0.208   -0.959   -0.389   -0.913    0.120   22.890   14.382   58.601    101
  -0.438    0.758    0.483   -0.744   -0.607    0.279    0.505   -0.237    0.830   20.490   17.982   59.801    102
   0.376   -0.900    0.222   -0.411   -0.377   -0.830    0.830    0.220   -0.512   27.690   14.382   53.801    103
  -0.906    0.352   -0.235    0.040   -0.481   -0.876   -0.421   -0.803    0.421   22.890   15.582   57.401    104
   0.964   -0.162    0.212    0.267    0.549   -0.792    0.012    0.820    0.572   30.090   10.782   55.001    105
  -0.349    0.642   -0.683    0.932    0.312   -0.183    0.096   -0.700   -0.707   26.490   14.382   58.601    106
   0.487   -0.862   -0.137   -0.861   -0.449   -0.237    0.143    0.234   -0.962   22.890   16.782   57.401    107
  -0.936   -0.307   -0.173    0.343   -0.681   -0.647    0.080   -0.665    0.743   21.690   15.582   61.001    108
  -0.848    0.530    0.000    0.512    0.819   -0.257   -0.137   -0.218   -0.966   22.890   16.782   58.601    109
   0.190   -0.966    0.176   -0.755   -0.029    0.655   -0.628   -0.257   -0.735   22.890   15.582   57.401    110
   0.309    0.919   -0.245   -0.237    0.324    0.916    0.921   -0.225    0.318   21.690   16.782   58.601    111
  -0.732    0.473   -0.490    0.280   -0.447   -0.849   -0.621   -0.759    0.195   21.690   15.582   57.401    112
  -0.746    0.458   -0.483    0.523    0.852   -0.000    0.411   -0.253   -0.876   21.690   16.782   59.801    113
   0.417   -0.059    0.907    0.139    0.990   -0.000   -0.898    0.126    0.421   25.290   16.782   59.801    114
  -0.624    0.729    0.283   -0.743   -0.665    0.076    0.243   -0.163    0.956   19.290   17.982   59.801    115
   0.877    0.056    0.477    0.469   -0.312   -0.826    0.102    0.949   -0.300   21.690   16.782   56.201    116
   0.256   -0.967    0.000   -0.495   -0.131   -0.859    0.830    0.220   -0.512   30.090   13.182   52.601    117
   0.332   -0.915    0.228   -0.525    0.022    0.851   -0.784   -0.402   -0.473   21.690   17.982   57.401    118
  -0.093   -0.996    0.000   -0.326    0.030    0.945   -0.941    0.087   -0.328   21.690   16.782   58.601    119
   0.641   -0.154    0.752    0.233    0.972   -0.000   -0.731    0.175    0.660   25.290   15.582   56.201    120
  -0.640    0.497   -0.586    0.758    0.285   -0.586   -0.124   -0.820   -0.559   21.690   15.582   56.201    121
   0.780   -0.314    0.541    0.373    0.928   -0.000   -0.502    0.202    0.841   24.090   16.782   56.201    122
  -0.912   -0.093   -0.401    0.368   -0.619   -0.694   -0.183   -0.780    0.598   24.090   15.582   61.001    123
  -0.710    0.704    0.021   -0.703   -0.707   -0.078   -0.040   -0.070    0.997   20.490   16.782   61.001    124
  -0.137   -0.924   -0.358   -0.775   -0.125    0.620   -0.617    0.362   -0.698   18.090   16.782   58.601    125
   0.491   -0.416   -0.765    0.799    0.565    0.205    0.347   -0.712    0.610   21.690   17.982   59.801    126
   0.432   -0.212    0.877   -0.441   -0.898   -0.000    0.787   -0.386   -0.481   24.090   16.782   59.801    127
  -0.948   -0.224   -0.225    0.305   -0.452   -0.838    0.086   -0.863    0.497   22.890   15.582   58.601    128
  -0.243   -0.847    0.472   -0.236    0.524    0.818   -0.941    0.087   -0.328   26.490   16.782   61.001    129
   0.017   -0.518    0.855    0.275    0.825    0.494   -0.961    0.227    0.157   22.890   16.782   58.601    130
   0.916   -0.370    0.156   -0.374   -0.927   -0.000    0.145   -0.058   -0.988   21.690   16.782   58.601    131
   0.533   -0.846    0.000   -0.561   -0.354   -0.749    0.633    0.399   -0.663   24.090   14.382   56.201    132
   0.362   -0.792    0.491   -0.392    0.349    0.851   -0.846   -0.501   -0.185   22.890   15.582   58.601    133
   0.063   -0.859   -0.508   -0.991    0.008   -0.136    0.121    0.512   -0.851   37.290    8.382   51.401    134
  -0.067   -0.998    0.000   -0.773    0.052    0.633   -0.631    0.043   -0.775   22.890   16.782   61.001    135
   0.961   -0.101    0.259    0.259   -0.011   -0.966    0.100    0.995    0.016   22.890   15.582   59.801    136
  -0.561    0.018   -0.828    0.720    0.503   -0.478    0.408   -0.864   -0.295   20.490   16.782   57.401    137
  -0.837   -0.333   -0.434    0.540   -0.379   -0.751    0.086   -0.863    0.497   25.290   14.382   58.601    138
  -0.979    0.130   -0.155   -0.018   -0.816   -0.577   -0.202   -0.563    0.802   22.890   14.382   58.601    139
   0.506   -0.749   -0.428   -0.671   -0.031   -0.741    0.542    0.662   -0.518   39.690    8.382   51.401    140
  -0.297    0.825   -0.481    0.697    0.532    0.481    0.653   -0.192   -0.733   24.090   14.382   58.601    141
  -0.123    0.753   -0.646    0.810    0.453    0.373    0.574   -0.477   -0.666   25.290   16.782   58.601    142
   0.500   -0.557    0.663   -0.045    0.747    0.663   -0.865   -0.361    0.348   22.890   15.582   56.201    143
   0.344   -0.923    0.173   -0.667   -0.370   -0.647    0.661    0.107   -0.743   26.490   13.182   53.801    144
  -0.506   -0.863    0.000   -0.602    0.353    0.716   -0.617    0.362   -0.698   22.890   15.582   59.801    145
   0.532    0.135   -0.836   -0.593   -0.644   -0.482   -0.604    0.753   -0.263   20.490   16.782   57.401    146
  -0.349   -0.913    0.212   -0.486    0.370    0.792   -0.801    0.174   -0.572   22.890   15.582   59.801    147
  -0.094    0.468   -0.879    0.768    0.596    0.235    0.634   -0.652   -0.415   22.890   16.782   59.801    148
   0.582   -0.791    0.185    0.725    0.609    0.321   -0.367   -0.053    0.929   20.490   17.982   59.801    149
  -0.265   -0.950    0.164   -0.729    0.309    0.611   -0.631    0.043   -0.775   24.090   15.582   58.601    150
   0.767   -0.627    0.135   -0.491   -0.710   -0.504    0.412    0.320   -0.853   22.890   13.182   57.401    151
  -0.194    0.763   -0.616    0.933   -0.050   -0.356   -0.303   -0.644   -0.702   27.690   13.182   55.001    152
   0.101   -0.240    0.966   -0.285    0.923    0.259   -0.953   -0.301    0.025   38.490   10.782   53.801    153
   0.451   -0.856    0.254   -0.285    0.132    0.949   -0.846   -0.501   -0.185   22.890   17.982   58.601    154
   0.655   -0.444   -0.612   -0.654   -0.738   -0.164   -0.379    0.507   -0.774   21.690   16.782   58.601    155
  -0.327    0.809    0.488    0.871    0.057    0.488    0.367    0.585   -0.723   31.290   14.382   52.601    156
  -0.871    0.450   -0.197   -0.172   -0.655   -0.736   -0.460   -0.607    0.648   20.490   16.782   55.001    157
  -0.163    0.787   -0.595    0.936    0.314    0.159    0.312   -0.531   -0.788   26.490   14.382   58.601    158
   0.889   -0.437   -0.136   -0.441   -0.740   -0.508    0.121    0.512   -0.851   22.890   15.582   59.801    159
  -0.317    0.832    0.456    0.941    0.215    0.263    0.121    0.512   -0.851   27.690   16.782   51.401    160
  -0.339    0.646    0.684   -0.573   -0.718    0.395    0.746   -0.258    0.613   21.690   19.182   59.801    161
   0.159   -0.987    0.000   -0.733   -0.118   -0.670    0.661    0.107   -0.743   38.490    9.582   51.401    162
  -0.967    0.075   -0.245    0.205   -0.349   -0.914   -0.154   -0.934    0.322   22.890   14.382   58.601    163
   0.082   -0.997    0.000   -0.903   -0.074   -0.423    0.422    0.035   -0.906   37.290    8.382   51.401    164
  -0.475    0.438    0.763   -0.466   -0.861    0.204    0.746   -0.258    0.613   21.690   17.982   61.001    165
  -0.333   -0.925   -0.185   -0.713    0.118    0.691   -0.617    0.362   -0.698   19.290   17.982   59.801    166
   0.669   -0.727   -0.156   -0.731   -0.682    0.042   -0.137    0.086   -0.987   20.490   17.982   58.601    167
  -0.392    0.862    0.322   -0.656   -0.508    0.558    0.645    0.007    0.764   20.490   16.782   61.001    168
   0.660   -0.726    0.194   -0.404   -0.560   -0.723    0.633    0.399   -0.663   22.890   15.582   56.201    169
  -0.943    0.222   -0.248   -0.263   -0.954    0.143   -0.205    0.200    0.958   40.890    5.982   52.601    170
  -0.867    0.381   -0.321   -0.337   -0.923   -0.185   -0.367   -0.053    0.929   21.690   15.582   53.801    171
   0.298    0.879   -0.373    0.763    0.016    0.646    0.574   -0.477   -0.666   34.890   10.782   55.001    172
   0.882   -0.128    0.454    0.330   -0.522   -0.787    0.338    0.843   -0.417   21.690   16.782   59.801    173
   0.719   -0.655    0.234    0.141    0.467    0.873   -0.681   -0.594    0.428   21.690   17.982   55.001    174
  -0.992    0.075    0.101   -0.057   -0.983    0.175    0.113    0.168    0.979   37.290    7.182   51.401    175
  -0.111    0.859    0.500    0.097   -0.491    0.866    0.989    0.144   -0.029   31.290   14.382   59.801    176
   0.264   -0.255    0.930    0.695    0.719   -0.000   -0.668    0.647    0.367   20.490   16.782   59.801    177
   0.505   -0.642    0.577    0.786    0.618   -0.000   -0.357    0.454    0.817   22.890   15.582   59.801    178
   0.091    0.980   -0.176    0.752    0.048    0.657    0.653   -0.192   -0.733   33.690   10.782   55.001    179
  -0.893    0.365   -0.263    0.430    0.864   -0.263    0.131   -0.348   -0.928   21.690   17.982   58.601    180
  -0.614    0.789    0.000    0.673    0.524    0.522    0.412    0.320   -0.853   26.490   14.382   52.601    181
   0.224   -0.975    0.000   -0.265   -0.061    0.962   -0.938   -0.216   -0.272   24.090   17.982   59.801    182
  -0.060   -0.975   -0.212   -0.595   -0.136    0.792   -0.801    0.174   -0.572   20.490   15.582   57.401    183
  -0.032   -0.707    0.706   -0.034    0.707    0.706   -0.999   -0.001   -0.046   22.890   15.582   59.801    184
   0.531    0.027    0.847   -0.314   -0.922    0.227    0.787   -0.386   -0.481   22.890   17.982   58.601    185
   0.602   -0.353   -0.716   -0.506   -0.863   -0.000   -0.617    0.362   -0.698   19.290   16.782   55.001    186
   0.503    0.510   -0.698   -0.317   -0.642   -0.698   -0.804    0.573   -0.161   20.490   17.982   57.401    187
  -0.881   -0.018   -0.473    0.448   -0.357   -0.820   -0.154   -0.934    0.322   28.890   14.382   58.601    188
   0.745   -0.613   -0.263   -0.656   -0.602   -0.456    0.121    0.512   -0.851   21.690   16.782   59.801    189
  -0.313    0.943   -0.110    0.851    0.330    0.409    0.422    0.035   -0.906   27.690   13.182   50.201    190
  -0.449    0.750   -0.486   -0.470    0.265    0.842    0.760    0.607    0.233   21.690   17.982   61.001    191
   0.242   -0.686    0.686    0.100    0.721    0.686   -0.965   -0.097    0.243   21.690   15.582   57.401    192
   0.512   -0.426    0.746   -0.640   -0.769   -0.000    0.574   -0.477   -0.666   20.490   19.182   61.001    193
  -0.030   -0.994    0.106   -0.916    0.070    0.396   -0.401   -0.085   -0.912   22.890   15.582   58.601    194
   0.750   -0.644    0.150    0.472    0.680    0.561   -0.464   -0.350    0.814   22.890   15.582   58.601    195
  -0.735    0.400   -0.548   -0.261   -0.912   -0.316   -0.626   -0.090    0.774   22.890   14.382   53.801    196
  -0.586    0.413   -0.697    0.690   -0.196   -0.697   -0.425   -0.889   -0.170   25.290   14.382   58.601    197
  -0.642    0.623   -0.447   -0.442   -0.777   -0.447   -0.626   -0.090    0.774   22.890   14.382   55.001    198
   0.862   -0.298    0.410    0.507    0.488   -0.710    0.012    0.820    0.572   27.690   11.982   55.001    199
  -0.248    0.949    0.194    0.958    0.210    0.194    0.143    0.234   -0.962   27.690   15.582   51.401    200
   0.463    0.190   -0.865   -0.772   -0.393   -0.500   -0.436    0.899   -0.035   25.290   17.982   58.601    201
  -0.558    0.748   -0.359    0.819    0.566   -0.096    0.131   -0.348   -0.928   22.890   14.382   57.401    202
  -0.832   -0.390    0.395    0.230   -0.890   -0.395    0.505   -0.237    0.830   31.290   16.782   58.601    203
   0.788   -0.597    0.151   -0.599   -0.800   -0.040    0.145   -0.058   -0.988   21.690   15.582   58.601    204
   0.672    0.353    0.651   -0.119    0.919   -0.376   -0.731    0.175    0.660   37.290   10.782   55.001    205
   0.867   -0.381    0.321    0.337    0.923    0.185   -0.367   -0.053    0.929   21.690   16.782   58.601    206
  -0.663    0.322   -0.676    0.732    0.090   -0.676   -0.157   -0.942   -0.295   22.890   15.582   57.401    207
   0.410   -0.109    0.905   -0.289    0.926    0.243   -0.865   -0.361    0.348   37.290   10.782   55.001    208
  -0.487    0.862    0.137    0.861    0.449    0.237    0.143    0.234   -0.962   27.690   14.382   51.401    209
  -0.829    0.560    0.000   -0.492   -0.729    0.476    0.267    0.395    0.879   21.690   16.782   59.801    210
   0.465   -0.107    0.879   -0.618   -0.750    0.235    0.634   -0.652   -0.415   22.890   17.982   57.401    211
  -0.688    0.611   -0.391   -0.234   -0.697   -0.678   -0.687   -0.375    0.622   19.290   16.782   57.401    212
  -0.506    0.749    0.428    0.671    0.031    0.741    0.542    0.662   -0.518   31.290   13.182   53.801    213
  -0.955   -0.151   -0.256    0.217   -0.942   -0.256   -0.203   -0.300    0.932   37.290    9.582   52.601    214
   0.727   -0.639   -0.251   -0.346   -0.025   -0.938    0.593    0.769   -0.239   38.490    9.582   51.401    215
   0.890    0.403    0.212   -0.085    0.605   -0.792   -0.447    0.687    0.573   31.290   15.582   58.601    216
   0.144   -0.990    0.000   -0.545   -0.079    0.835   -0.826   -0.120   -0.551   22.890   16.782   58.601    217
  -0.657    0.543   -0.522   -0.562   -0.815   -0.140   -0.502    0.202    0.841   19.290   15.582   58.601    218
   0.478   -0.869    0.129   -0.868   -0.444    0.223   -0.137   -0.218   -0.966   21.690   15.582   57.401    219
   0.621   -0.746    0.241   -0.434   -0.072    0.898   -0.653   -0.662   -0.368   20.490   16.782   57.401    220
  -0.745    0.450   -0.493    0.515   -0.083   -0.853   -0.425   -0.889   -0.170   24.090   15.582   59.801    221
  -0.289    0.298   -0.910    0.717    0.697   -0.000    0.634   -0.652   -0.415   21.690   16.782   59.801    222
  -0.609    0.525   -0.595    0.729    0.666   -0.159    0.312   -0.531   -0.788   21.690   14.382   59.801    223
   0.435   -0.061    0.898    0.603    0.760   -0.241   -0.668    0.647    0.367   24.090   16.782   59.801    224
   0.048    0.262    0.964   -0.407   -0.876    0.258    0.912   -0.405    0.064   21.690   17.982   61.001    225
   0.932   -0.114    0.345    0.312    0.738   -0.598   -0.186    0.665    0.723   31.290   10.782   55.001    226
  -0.022   -0.866    0.499   -0.041    0.500    0.865   -0.999   -0.001   -0.046   24.090   14.382   59.801    227
   0.463   -0.620   -0.633   -0.801   -0.598   -0.000   -0.379    0.507   -0.774   21.690   16.782   57.401    228
  -0.805    0.519    0.288   -0.590   -0.755   -0.288    0.068   -0.402    0.913   21.690   15.582   58.601    229
  -0.999   -0.003   -0.040    0.005   -0.998   -0.070   -0.040   -0.070    0.997   38.490    9.582   53.801    230
  -0.439    0.619   -0.651   -0.523   -0.765   -0.376   -0.731    0.175    0.660   20.490   16.782   59.801    231
  -0.463   -0.786    0.410   -0.379    0.594    0.710   -0.801    0.174   -0.572   26.490   17.982   59.801    232
   0.289   -0.298    0.910   -0.717   -0.697   -0.000    0.634   -0.652   -0.415   24.090   17.982   58.601    233
  -0.495    0.067   -0.866    0.858   -0.120   -0.500   -0.137   -0.991    0.001   30.090   14.382   57.401    234
  -0.254    0.868    0.427   -0.452   -0.497    0.740    0.855   -0.005    0.519   19.290   17.982   59.801    235
   0.314    0.922   -0.227    0.531    0.027    0.847    0.787   -0.386   -0.481   36.090    8.382   53.801    236
   0.635   -0.686    0.356   -0.711   -0.338    0.616   -0.303   -0.644   -0.702   21.690   16.782   57.401    237
   0.827   -0.264    0.497    0.430   -0.273   -0.861    0.363    0.925   -0.112   22.890   15.582   59.801    238
   0.327   -0.809   -0.488   -0.871   -0.057   -0.488    0.367    0.585   -0.723   37.290    9.582   51.401    239
   0.349   -0.937    0.000   -0.221   -0.083   -0.972    0.910    0.340   -0.236   30.090   11.982   52.601    240
  -0.134    0.988   -0.078    0.980    0.143    0.135    0.145   -0.058   -0.988   28.890   15.582   52.601    241
  -0.486    0.363   -0.795    0.784    0.583   -0.213    0.386   -0.727   -0.568   24.090   14.382   59.801    242
  -0.628    0.751    0.203   -0.669   -0.654    0.352    0.397    0.085    0.914   21.690   16.782   59.801    243
   0.819   -0.302    0.488    0.543    0.683   -0.488   -0.186    0.665    0.723   24.090   14.382   57.401    244
  -0.163    0.260   -0.952    0.891   -0.377   -0.255   -0.425   -0.889   -0.170   37.290   11.982   53.801    245
   0.731   -0.511    0.452   -0.049    0.621    0.783   -0.681   -0.594    0.428   22.890   15.582   52.601    246
   0.802   -0.238   -0.548   -0.463   -0.828   -0.317   -0.379    0.507   -0.774   20.490   15.582   56.201    247
  -0.784    0.562   -0.263    0.614    0.645   -0.455   -0.086   -0.518   -0.851   22.890   15.582   56.201    248
  -0.668    0.492    0.558   -0.372   -0.870    0.322    0.645    0.007    0.764   22.890   17.982   62.201    249
   0.068    0.280    0.958   -0.640   -0.724    0.257    0.765   -0.631    0.130   19.290   17.982   59.801    250
   0.462   -0.855   -0.238   -0.462   -0.003   -0.887    0.758    0.519   -0.396   39.690    8.382   53.801    251
   0.847   -0.532    0.000   -0.385   -0.612   -0.690    0.367    0.585   -0.723   24.090   15.582   61.001    252
  -0.889    0.416    0.191   -0.165   -0.681    0.714    0.427    0.603    0.674   40.890    5.982   51.401    253
  -0.701    0.096   -0.707    0.700   -0.098   -0.707   -0.137   -0.991    0.001   24.090   15.582   59.801    254
  -0.790    0.528    0.312   -0.310   -0.782    0.541    0.530    0.330    0.781   24.090   14.382   59.801    255
   0.718   -0.672   -0.179   -0.591   -0.454   -0.667    0.367    0.585   -0.723   24.090   15.582   57.401    256
  -0.043   -0.996   -0.081   -0.990    0.032    0.140   -0.137    0.086   -0.987   39.690    7.182   50.201    257
  -0.986   -0.167    0.000    0.152   -0.900   -0.407    0.068   -0.402    0.913   34.890   10.782   53.801    258
   0.090    0.845   -0.528    0.814    0.243    0.528    0.574   -0.477   -0.666   34.890    9.582   55.001    259
  -0.028    0.606   -0.795    0.922    0.323    0.213    0.386   -0.727   -0.568   34.890    8.382   53.801    260
  -0.735   -0.109   -0.669    0.661   -0.340   -0.669   -0.154   -0.934    0.322   27.690   13.182   57.401    261
  -0.082    0.997    0.000    0.903    0.074    0.423    0.422    0.035   -0.906   27.690   13.182   49.001    262
  -0.159    0.987    0.000    0.733    0.118    0.670    0.661    0.107   -0.743   32.490    9.582   49.001    263
  -0.362    0.792   -0.491    0.392   -0.349   -0.851   -0.846   -0.501   -0.185   26.490   14.382   51.401    264
  -0.148   -0.897    0.417   -0.544    0.426    0.723   -0.826   -0.120   -0.551   24.090   15.582   59.801    265
  -0.812    0.355    0.463    0.214   -0.557    0.802    0.543    0.751    0.377   34.890   10.782   51.401    266
  -0.941    0.337    0.000   -0.270   -0.755   -0.598   -0.202   -0.563    0.802   21.690   19.182   62.201    267
  -0.556    0.299   -0.775    0.818    0.362   -0.448    0.146   -0.883   -0.446   22.890   13.182   58.601    268
  -0.462    0.855    0.238    0.462    0.003    0.887    0.758    0.519   -0.396   33.690   10.782   52.601    269
  -0.296   -0.683    0.668   -0.165    0.726    0.668   -0.941    0.087   -0.328   25.290   16.782   61.001    270
  -0.581    0.718   -0.384   -0.813   -0.539    0.222   -0.048    0.440    0.897   20.490   17.982   61.001    271
  -0.336    0.200    0.920   -0.512   -0.859   -0.000    0.790   -0.471    0.391   22.890   17.982   58.601    272
  -0.944    0.327    0.052   -0.311   -0.930    0.195    0.113    0.168    0.979   39.690    7.182   53.801    273
   0.197   -0.742    0.641    0.394    0.659    0.641   -0.898    0.126    0.421   22.890   15.582   59.801    274
   0.181   -0.909   -0.374   -0.752    0.117   -0.648    0.633    0.399   -0.663   38.490    8.382   50.201    275
  -0.731    0.511   -0.452    0.049   -0.621   -0.783   -0.681   -0.594    0.428   21.690   16.782   57.401    276
   0.230   -0.669    0.707   -0.196    0.680    0.707   -0.953   -0.301    0.025   19.290   15.582   57.401    277
   0.687   -0.185    0.703    0.629   -0.332   -0.703    0.363    0.925   -0.112   22.890   16.782   59.801    278
   0.787   -0.560   -0.258   -0.170    0.206   -0.964    0.593    0.802    0.067   37.290    8.382   52.601    279
  -0.976    0.217    0.000   -0.165   -0.740    0.652    0.141    0.636    0.758   37.290    8.382   51.401    280
   0.355   -0.147    0.923   -0.841   -0.481    0.247    0.408   -0.864   -0.295   25.290   16.782   52.601    281
   0.334    0.376   -0.864   -0.659   -0.562   -0.499   -0.673    0.737    0.060   21.690   17.982   58.601    282
  -0.490    0.640   -0.592   -0.274   -0.758   -0.592   -0.828   -0.128    0.546   19.290   16.782   57.401    283
   0.195   -0.945   -0.261   -0.890   -0.059   -0.452    0.412    0.320   -0.853   39.690    7.182   52.601    284
   0.871   -0.450    0.197    0.172    0.655    0.736   -0.460   -0.607    0.648   22.890   16.782   56.201    285
  -0.492    0.714    0.498    0.368   -0.348    0.862    0.790    0.607   -0.091   34.890   10.782   52.601    286
   0.085    0.842   -0.533    0.946    0.100    0.308    0.312   -0.531   -0.788   33.690   11.982   53.801    287
   0.347   -0.581    0.736    0.711    0.675    0.197   -0.612    0.455    0.647   22.890   16.782   59.801    288
  -0.451    0.335   -0.827    0.879    0.003   -0.478   -0.157   -0.942   -0.295   25.290   14.382   55.001    289
   0.693   -0.333    0.639   -0.237    0.732    0.639   -0.681   -0.594    0.428   24.090   15.582   51.401    290
   0.505   -0.796    0.335   -0.555   -0.596   -0.580    0.661    0.107   -0.743   19.290   16.782   61.001    291
  -0.787    0.560    0.258    0.170   -0.206    0.964    0.593    0.802    0.067   36.090   10.782   52.601    292
  -0.362    0.709    0.605   -0.371   -0.705    0.605    0.855   -0.005    0.519   21.690   16.782   62.201    293
  -0.120    0.853   -0.507    0.989    0.059   -0.136   -0.086   -0.518   -0.851   27.690   14.382   55.001    294
  -0.054   -0.714    0.698    0.270    0.663    0.698   -0.961    0.227    0.157   21.690   17.982   58.601    295
   0.361   -0.036   -0.932   -0.711   -0.657   -0.250   -0.604    0.753   -0.263   20.490   17.982   57.401    296
   0.107    0.994    0.000    0.534   -0.058    0.843    0.838   -0.091   -0.537   36.090    9.582   53.801    297
  -0.564    0.659   -0.498   -0.242    0.445    0.862    0.790    0.607   -0.091   20.490   17.982   61.001    298
  -0.447    0.889   -0.101   -0.887   -0.426    0.175    0.113    0.168    0.979   19.290   17.982   62.201    299
   0.585   -0.663    0.466   -0.699   -0.704   -0.125    0.411   -0.253   -0.876   22.890   16.782   57.401    300
  -0.966    0.045    0.253   -0.084   -0.986   -0.146    0.243   -0.163    0.956   30.090   14.382   61.001    301
   0.383   -0.917    0.110   -0.912   -0.394   -0.110    0.145   -0.058   -0.988   21.690   15.582   57.401    302
   0.973   -0.230    0.000   -0.196   -0.828   -0.526    0.121    0.512   -0.851   22.890   16.782   59.801    303
  -0.912    0.298    0.283   -0.331   -0.941   -0.076    0.243   -0.163    0.956   21.690   15.582   59.801    304
  -0.309    0.810   -0.498   -0.265    0.430    0.863    0.914    0.398    0.082   21.690   17.982   62.201    305
  -0.284   -0.756    0.590   -0.487    0.644    0.590   -0.826   -0.120   -0.551   30.090   15.582   61.001    306
   0.308   -0.604   -0.735    0.755    0.625   -0.197    0.578   -0.495    0.649   19.290   16.782   61.001    307
  -0.955   -0.212    0.207    0.169   -0.964   -0.207    0.243   -0.163    0.956   34.890   13.182   55.001    308
  -0.181    0.909    0.374    0.752   -0.117    0.648    0.633    0.399   -0.663   31.290   11.982   51.401    309
  -0.208    0.324   -0.923    0.965   -0.084   -0.247   -0.157   -0.942   -0.295   37.290    9.582   52.601    310
   0.547   -0.812    0.201   -0.619   -0.231    0.751   -0.563   -0.535   -0.629   24.090   16.782   57.401    311
  -0.901    0.226    0.370    0.071   -0.765    0.640    0.427    0.603    0.674   36.090   10.782   53.801    312
   0.846   -0.446    0.290    0.262    0.824    0.503   -0.464   -0.350    0.814   22.890   15.582   56.201    313
  -0.478    0.869   -0.129    0.868    0.444   -0.223   -0.137   -0.218   -0.966   26.490   15.582   55.001    314
  -0.504    0.863    0.040   -0.863   -0.501   -0.070   -0.040   -0.070    0.997   19.290   17.982   61.001    315
   0.237    0.972    0.000   -0.308    0.075    0.948    0.921   -0.225    0.318   24.090   16.782   58.601    316
   0.489   -0.736    0.468    0.713    0.647    0.270   -0.502    0.202    0.841   22.890   14.382   59.801    317
   0.795   -0.532   -0.293    0.556    0.831   -0.000    0.243   -0.163    0.956   26.490   16.782   53.801    318
   0.568    0.658   -0.493   -0.176   -0.488   -0.855   -0.804    0.573   -0.161   19.290   19.182   57.401    319
   0.545   -0.741   -0.391   -0.827   -0.552   -0.105   -0.138    0.381   -0.914   20.490   17.982   57.401    320
   0.678    0.328    0.658    0.305    0.689   -0.658   -0.668    0.647    0.367   31.290   15.582   59.801    321
  -0.621    0.746   -0.241    0.434    0.072   -0.898   -0.653   -0.662   -0.368   24.090   16.782   52.601    322
   0.135   -0.977   -0.164   -0.764   -0.208    0.611   -0.631    0.043   -0.775   21.690   16.782   59.801    323
   0.853   -0.522    0.000   -0.502   -0.820   -0.274    0.143    0.234   -0.962   21.690   14.382   58.601    324
   0.660   -0.212    0.721   -0.485   -0.853    0.193    0.574   -0.477   -0.666   22.890   17.982   61.001    325
   0.404    0.326   -0.855   -0.437   -0.752   -0.493   -0.804    0.573   -0.161   20.490   16.782   58.601    326
   0.970   -0.134   -0.203   -0.199   -0.915   -0.351   -0.138    0.381   -0.914   21.690   16.782   58.601    327
   0.776    0.502    0.381   -0.151    0.736   -0.660   -0.612    0.455    0.647   36.090   10.782   53.801    328
  -0.175    0.573   -0.801    0.977   -0.001   -0.215   -0.124   -0.820   -0.559   27.690   13.182   58.601    329
   0.651   -0.468    0.598    0.736    0.582   -0.345   -0.186    0.665    0.723   25.290   13.182   56.201    330
  -0.713    0.118    0.691    0.333    0.925    0.185   -0.617    0.362   -0.698   20.490   17.982   58.601    331
   0.969   -0.026    0.247    0.226   -0.316   -0.921    0.102    0.949   -0.300   22.890   15.582   56.201    332
   0.650   -0.717   -0.252    0.014    0.343   -0.939    0.760    0.607    0.233   33.690   11.982   51.401    333
  -0.763    0.558   -0.326   -0.631   -0.533    0.564    0.141    0.636    0.758   19.290   17.982   62.201    334
   0.954   -0.292    0.071   -0.265   -0.927   -0.265    0.143    0.234   -0.962   21.690   16.782   58.601    335
  -0.919   -0.132   -0.371    0.142   -0.990   -0.000   -0.367   -0.053    0.929   37.290   10.782   55.001    336
  -0.085    0.605   -0.792   -0.890   -0.403   -0.212   -0.447    0.687    0.573   19.290   16.782   59.801    337
   0.787   -0.393   -0.475   -0.606   -0.638   -0.475   -0.116    0.662   -0.740   21.690   17.982   58.601    338
   0.512    0.859    0.000   -0.336    0.200    0.920    0.790   -0.471    0.391   22.890   17.982   59.801    339
  -0.505    0.796   -0.335    0.555    0.596    0.580    0.661    0.107   -0.743   22.890   14.382   57.401    340
  -0.457   -0.029    0.889   -0.408   -0.881   -0.238    0.790   -0.471    0.391   22.890   16.782   59.801    341
   0.481    0.050    0.875    0.332    0.914   -0.235   -0.812    0.403    0.423   26.490   17.982   61.001    342
  -0.973    0.229    0.000   -0.137   -0.582   -0.801   -0.183   -0.780    0.598   24.090   15.582   59.801    343
  -0.018   -0.290    0.957    0.523    0.813    0.256   -0.852    0.505    0.137   21.690   19.182   58.601    344
   0.861   -0.095    0.500    0.499   -0.036   -0.866    0.100    0.995    0.016   22.890   16.782   59.801    345
  -0.209    0.978    0.000   -0.894   -0.191    0.406    0.397    0.085    0.914   21.690   17.982   59.801    346
   0.840   -0.062    0.539   -0.287    0.792    0.539   -0.460   -0.607    0.648   27.690   15.582   51.401    347
